-4.344913005828857422e+00 -1.025838375091552734e+01
2.930962753295898438e+01 1.415544033050537109e+01
-2.714339447021484375e+01 -1.218340396881103516e+01
8.904630661010742188e+00 6.085924625396728516e+00
1.604751968383789062e+01 1.436505198478698730e+00
2.565544700622558594e+01 1.516888999938964844e+01
1.369480228424072266e+01 9.597797393798828125e+00
5.499438047409057617e-01 4.660654544830322266e+00
1.745592117309570312e+01 7.875536918640136719e+00
1.094780540466308594e+01 1.009949588775634766e+01
2.536892414093017578e+00 9.057388305664062500e+00
-2.683022308349609375e+01 -5.993987321853637695e-01
9.922917366027832031e+00 1.595939064025878906e+01
9.980456352233886719e+00 9.838626861572265625e+00
7.542835235595703125e+00 -1.363297462463378906e+01
2.179273223876953125e+01 2.289726829528808594e+01
-1.155632495880126953e+01 -7.321107387542724609e+00
1.095586299896240234e+01 5.510114669799804688e+00
-1.489837360382080078e+01 -3.276807546615600586e+00
9.356500625610351562e+00 -1.691090011596679688e+01
3.004820060729980469e+01 5.729303359985351562e+00
2.589797782897949219e+01 1.692004776000976562e+01
-1.211842536926269531e+01 -1.712084007263183594e+01
2.535854578018188477e+00 9.972617149353027344e+00
2.233864974975585938e+01 7.822653770446777344e+00
1.461646938323974609e+01 2.287177848815917969e+01
2.709405899047851562e+01 2.241707611083984375e+01
2.374839401245117188e+01 9.601537704467773438e+00
-3.190779924392700195e+00 -1.441107749938964844e+01
9.737359046936035156e+00 -1.299065303802490234e+01
2.422621917724609375e+01 1.092764186859130859e+01
2.411693000793457031e+01 1.743307876586914062e+01
1.887720489501953125e+01 2.300965309143066406e+01
-2.463868904113769531e+01 -1.971164345741271973e+00
1.344082164764404297e+01 1.294429397583007812e+01
1.224228668212890625e+01 -1.931427764892578125e+01
9.068983078002929688e+00 -1.603458976745605469e+01
-2.887118911743164062e+01 -4.431432247161865234e+00
-2.887086105346679688e+01 -4.431597232818603516e+00
-9.009869575500488281e+00 -5.266760826110839844e+00
-6.742097854614257812e+00 -2.321460962295532227e+00
-2.380676841735839844e+01 -3.850139617919921875e+00
9.517161250114440918e-01 8.128569602966308594e+00
3.015581893920898438e+01 8.222070693969726562e+00
1.982930564880371094e+01 1.185443115234375000e+01
-2.606604194641113281e+01 -1.548380017280578613e+00
-9.973178863525390625e+00 -4.425859451293945312e+00
-1.233610153198242188e+00 1.001982879638671875e+01
2.984656810760498047e+00 6.636556148529052734e+00
1.837197780609130859e+00 -1.597086238861083984e+01
1.438517665863037109e+01 4.068061828613281250e+00
-8.942120552062988281e+00 -1.057384204864501953e+01
-1.387439060211181641e+01 -7.729357719421386719e+00
-2.000157546997070312e+01 -5.633759975433349609e+00
-1.043847274780273438e+01 -8.598171234130859375e+00
-1.228129744529724121e+00 -1.799187183380126953e+00
-6.333628654479980469e+00 -1.074330139160156250e+01
1.690587806701660156e+01 1.456360530853271484e+01
-2.760213088989257812e+01 -1.112244892120361328e+01
1.852173042297363281e+01 2.569398117065429688e+01
-2.532042503356933594e+01 -8.891786575317382812e+00
-1.695673942565917969e+01 -7.323405265808105469e+00
-2.902666807174682617e+00 5.972723007202148438e+00
1.338712692260742188e+00 -5.432434558868408203e+00
1.153830146789550781e+01 -1.339356994628906250e+01
1.706143951416015625e+01 1.121143913269042969e+01
-3.158953094482421875e+01 -7.227977752685546875e+00
1.709927749633789062e+01 1.451599693298339844e+01
-2.537635612487792969e+01 -1.335975050926208496e+00
3.673906564712524414e+00 -6.785333633422851562e+00
-8.816076278686523438e+00 -2.883770704269409180e+00
7.809344291687011719e+00 1.247344875335693359e+01
1.516654682159423828e+01 1.990133476257324219e+01
2.456750679016113281e+01 1.349049854278564453e+01
2.511816978454589844e+01 8.668694496154785156e+00
6.597946286201477051e-01 -1.768333435058593750e+01
-9.994145393371582031e+00 -5.785179615020751953e+00
-1.182189655303955078e+01 -1.523633384704589844e+01
-9.840393066406250000e+00 9.181735992431640625e+00
1.566507911682128906e+01 1.080529403686523438e+01
-2.859889030456542969e+01 2.350744724273681641e+00
-2.723495292663574219e+01 -5.791331768035888672e+00
3.194791221618652344e+01 5.813422679901123047e+00
1.283560466766357422e+01 2.041370201110839844e+01
4.325268268585205078e+00 1.293523311614990234e+01
2.251627922058105469e+01 2.607639694213867188e+01
-7.073771357536315918e-01 -1.655116462707519531e+01
-3.051847219467163086e+00 -6.145412445068359375e+00
-1.142299842834472656e+01 -9.728929519653320312e+00
-1.468711757659912109e+01 -1.843594169616699219e+01
3.166587829589843750e+01 1.083116340637207031e+01
2.301345634460449219e+01 2.017514801025390625e+01
-2.733199882507324219e+01 -1.460755586624145508e+00
-2.967007875442504883e+00 -1.707030296325683594e+00
2.044570922851562500e+01 -2.080474048852920532e-01
-1.326469326019287109e+01 -6.710559844970703125e+00
-1.532138109207153320e+00 -5.259879589080810547e+00
1.945407676696777344e+01 1.960313224792480469e+01
-1.409809207916259766e+01 -5.290517330169677734e+00
-1.171805560588836670e-01 1.676762962341308594e+01
-1.476774573326110840e+00 1.148724842071533203e+01
-2.013282012939453125e+01 -5.536840438842773438e+00
1.172869873046875000e+01 1.834952163696289062e+01
-2.299783134460449219e+01 -9.540377184748649597e-03
-1.604273796081542969e+01 -5.690305709838867188e+00
-8.759346008300781250e+00 6.610698699951171875e+00
7.209303379058837891e+00 1.882625007629394531e+01
-2.049870109558105469e+01 2.984787464141845703e+00
-3.765869140625000000e+00 -6.125874042510986328e+00
-2.513512134552001953e+00 -9.742235183715820312e+00
-5.221394062042236328e+00 -2.213731288909912109e+00
-2.353095531463623047e+00 -1.158444023132324219e+01
-1.435452842712402344e+01 -6.763367056846618652e-01
-4.285676002502441406e+00 -4.681278228759765625e+00
-1.091817760467529297e+01 9.216856956481933594e+00
2.358266830444335938e+01 1.272278785705566406e+01
-5.625805854797363281e+00 -1.293606519699096680e+00
2.945176124572753906e+01 9.154491424560546875e+00
2.186638116836547852e+00 -1.047183799743652344e+01
1.933945083618164062e+01 8.883667945861816406e+00
-1.577652072906494141e+01 -1.728513479232788086e+00
1.597764492034912109e+01 1.779584693908691406e+01
1.065623092651367188e+01 1.775695991516113281e+01
-1.288529396057128906e+01 -1.782129526138305664e+00
1.574655246734619141e+01 -3.010670423507690430e+00
-1.448802661895751953e+01 -1.757425498962402344e+01
1.493440341949462891e+01 1.926780509948730469e+01
2.252289009094238281e+01 1.788881492614746094e+01
-2.119588851928710938e+00 -2.840779304504394531e+00
-2.499525451660156250e+01 -2.925578594207763672e+00
-1.076459312438964844e+01 -1.377808952331542969e+01
-1.600269973278045654e-01 5.074826240539550781e+00
-2.944090652465820312e+01 -1.337403535842895508e+00
-2.168148231506347656e+01 -5.803715229034423828e+00
5.220018863677978516e+00 -1.728186035156250000e+01
-2.719304323196411133e+00 -1.954524230957031250e+01
-2.005545854568481445e+00 7.770757198333740234e+00
-5.151967525482177734e+00 -4.662219047546386719e+00
1.657877683639526367e+00 -1.340152072906494141e+01
8.185317039489746094e+00 1.738489723205566406e+01
2.120699310302734375e+01 1.122448348999023438e+01
-3.685325145721435547e+00 -8.576702117919921875e+00
6.620706081390380859e+00 2.189053344726562500e+01
-2.649321556091308594e+01 -4.362886428833007812e+00
1.547897815704345703e+01 8.772296905517578125e+00
-2.177600479125976562e+01 7.486217975616455078e+00
-1.690012359619140625e+01 -5.773506164550781250e+00
-1.143836498260498047e+01 6.603000640869140625e+00
1.841298103332519531e+01 2.203916168212890625e+01
1.900105285644531250e+01 3.586087942123413086e+00
1.786298370361328125e+01 -9.258784294128417969e+00
2.199945640563964844e+01 1.681635665893554688e+01
-7.672152996063232422e+00 4.085548400878906250e+00
-5.717722892761230469e+00 3.228825092315673828e+00
2.216810989379882812e+01 2.125898170471191406e+01
1.004129314422607422e+01 1.173704528808593750e+01
-1.160077190399169922e+01 4.855181694030761719e+00
1.772423553466796875e+01 -3.853848218917846680e+00
-1.198702526092529297e+01 -4.589605331420898438e+00
1.365310382843017578e+01 1.766207885742187500e+01
9.155543327331542969e+00 1.494208431243896484e+01
-1.356448364257812500e+01 -2.319446372985839844e+01
1.020545864105224609e+01 1.763598060607910156e+01
2.254297828674316406e+01 4.001471042633056641e+00
1.973193550109863281e+01 2.295579147338867188e+01
1.476071453094482422e+01 1.739397430419921875e+01
-1.132091712951660156e+01 9.879397392272949219e+00
6.694156169891357422e+00 1.021063327789306641e+01
5.617485046386718750e+00 -1.633761596679687500e+01
2.135252952575683594e+01 1.246222019195556641e+01
1.530684852600097656e+01 1.767247009277343750e+01
-1.763566589355468750e+01 4.418576240539550781e+00
-1.701768684387207031e+01 -1.257026958465576172e+01
-2.690890550613403320e+00 -4.366204261779785156e+00
1.655220985412597656e+01 1.174211978912353516e+01
1.205169868469238281e+01 2.115510559082031250e+01
-6.249976158142089844e+00 5.353576183319091797e+00
7.814454555511474609e+00 -1.478781986236572266e+01
-1.207862854003906250e+01 -8.472806930541992188e+00
-1.129783630371093750e+01 -2.860716104507446289e+00
-1.452525615692138672e+01 -1.578464508056640625e+01
1.943625688552856445e+00 -4.119824409484863281e+00
2.191900253295898438e+01 2.258353996276855469e+01
-1.826191329956054688e+01 -6.354857444763183594e+00
2.770605278015136719e+01 9.467860221862792969e+00
2.067285346984863281e+01 2.531615638732910156e+01
-8.134887695312500000e+00 -1.379388236999511719e+01
-1.482567024230957031e+01 -6.244490623474121094e+00
-4.612040042877197266e+00 -1.884660720825195312e+01
-6.747307777404785156e+00 -1.248823404312133789e+00
-6.557847499847412109e+00 -3.319879174232482910e-01
-1.297623753547668457e+00 1.208776473999023438e+01
1.821188735961914062e+01 1.907242012023925781e+01
2.008901214599609375e+01 2.050577163696289062e+01
-1.142781734466552734e+01 -1.387474155426025391e+01
-7.878585338592529297e+00 -3.809947729110717773e+00
-6.600333690643310547e+00 -5.698643684387207031e+00
7.117135047912597656e+00 -1.906450271606445312e+01
-2.900416564941406250e+01 -6.979057312011718750e+00
-2.416304826736450195e+00 2.911659717559814453e+00
-1.561272239685058594e+01 -1.578759860992431641e+01
2.175304412841796875e+01 5.113116264343261719e+00
2.232079696655273438e+01 1.457116317749023438e+01
4.610934257507324219e+00 -8.856079578399658203e-01
2.018067550659179688e+01 5.534135341644287109e+00
7.990364551544189453e+00 5.429333686828613281e+00
2.428615951538085938e+01 3.618304729461669922e+00
2.061247253417968750e+01 1.762464141845703125e+01
-2.258605766296386719e+01 -3.104822635650634766e+00
1.361918258666992188e+01 1.917222023010253906e+01
2.281380844116210938e+01 1.670946502685546875e+01
5.760039329528808594e+00 -4.241281032562255859e+00
1.929385066032409668e+00 -1.759246063232421875e+01
2.442583656311035156e+01 1.573802661895751953e+01
-1.909540557861328125e+01 -1.612265586853027344e+01
9.158807754516601562e+00 1.837185478210449219e+01
1.755997848510742188e+01 2.627292823791503906e+01
1.740711688995361328e+00 -9.675960540771484375e+00
6.950463294982910156e+00 2.425971031188964844e+00
-7.178514003753662109e+00 -1.459393882751464844e+01
1.402352237701416016e+01 1.890627479553222656e+01
1.158390712738037109e+01 -7.124966144561767578e+00
6.989480972290039062e+00 -7.590013504028320312e+00
1.727282643318176270e+00 -1.868435478210449219e+01
-1.817985725402832031e+01 -2.018515396118164062e+01
-9.492065429687500000e+00 -1.204026317596435547e+01
2.113080739974975586e+00 -1.304744815826416016e+01
7.126734852790832520e-01 7.882012844085693359e+00
-1.703006362915039062e+01 -1.924904632568359375e+01
-1.105302047729492188e+01 7.642868041992187500e+00
-9.065556526184082031e+00 3.587391853332519531e+00
-8.062776565551757812e+00 -3.140679121017456055e+00
1.221928310394287109e+01 2.328297996520996094e+01
-1.134431552886962891e+01 -8.284599304199218750e+00
-1.508671951293945312e+01 -1.114064788818359375e+01
-6.626022338867187500e+00 6.539181232452392578e+00
-8.877199172973632812e+00 -6.282132625579833984e+00
-9.752911567687988281e+00 -6.676699161529541016e+00
-9.703617095947265625e+00 -5.021768093109130859e+00
-1.060586738586425781e+01 3.652153730392456055e+00
-1.043210124969482422e+01 -1.277138996124267578e+01
-1.186160278320312500e+01 4.288568019866943359e+00
1.531837558746337891e+01 1.495766639709472656e+01
-2.410159492492675781e+01 1.599363327026367188e+00
-9.428730010986328125e+00 6.380060195922851562e+00
-1.088520622253417969e+01 7.318303585052490234e+00
-1.706565475463867188e+01 1.103782081604003906e+01
-1.856705093383789062e+01 -5.162748336791992188e+00
-9.773407936096191406e+00 -1.614816665649414062e+01
-9.939847946166992188e+00 -1.639858055114746094e+01
3.806073188781738281e+00 -9.410871505737304688e+00
-1.348367023468017578e+01 -9.741242408752441406e+00
-1.293396854400634766e+01 -1.199184322357177734e+01
-2.307993650436401367e+00 -7.370655059814453125e+00
-8.808768272399902344e+00 5.208175659179687500e+00
-1.326234912872314453e+01 4.375552177429199219e+00
-2.142200660705566406e+01 -4.682580471038818359e+00
-2.736830472946166992e+00 -6.492871284484863281e+00
-2.069396018981933594e+01 -5.033851623535156250e+00
-2.313021659851074219e+01 -4.177280902862548828e+00
-1.659173011779785156e+01 -4.202102661132812500e+00
-1.010732746124267578e+01 -3.930301666259765625e-01
5.131969928741455078e+00 1.392086601257324219e+01
9.538771629333496094e+00 2.177959442138671875e+01
1.985139656066894531e+01 1.361551094055175781e+01
3.075385284423828125e+01 6.589166641235351562e+00
-2.290031623840332031e+01 -3.609874725341796875e+00
-2.444929313659667969e+01 -2.493149757385253906e+00
1.079233837127685547e+01 6.216110229492187500e+00
-1.067739582061767578e+01 -1.185105514526367188e+01
1.884739303588867188e+01 2.741535949707031250e+01
-1.109908485412597656e+01 2.555038213729858398e+00
-2.382160186767578125e+01 -4.797174453735351562e+00
7.762947559356689453e+00 1.814727401733398438e+01
1.280352592468261719e+01 8.715299606323242188e+00
-2.730013608932495117e+00 -1.515597343444824219e+01
-1.719649887084960938e+01 1.114952182769775391e+01
1.653895950317382812e+01 1.764208602905273438e+01
-2.467230606079101562e+01 -2.243096977472305298e-01
2.042788887023925781e+01 1.942442703247070312e+01
-2.328110694885253906e+01 -1.060653805732727051e+00
1.034598518162965775e-02 -1.256492710113525391e+01
2.354347229003906250e+01 1.830690956115722656e+01
-9.773659706115722656e+00 -1.428361892700195312e+01
9.213485121726989746e-01 -1.180746746063232422e+01
-1.816543197631835938e+01 -3.524716854095458984e+00
-7.771121025085449219e+00 -1.187112903594970703e+01
8.689170837402343750e+00 -1.258171653747558594e+01
2.209353446960449219e+00 -1.728939437866210938e+01
1.580754280090332031e+01 3.934965372085571289e+00
3.317692756652832031e+00 -2.734383754432201385e-02
-1.817287826538085938e+01 -1.608386611938476562e+01
-4.148796796798706055e-01 1.669600105285644531e+01
-1.821956872940063477e+00 -7.506692409515380859e+00
-3.800125122070312500e+00 3.986492753028869629e-01
-2.603138732910156250e+01 -5.862369537353515625e+00
-6.200579166412353516e+00 -9.783174514770507812e+00
-7.167279124259948730e-01 -2.734243869781494141e+00
1.580126094818115234e+01 1.077913570404052734e+01
2.730124282836914062e+01 1.981807136535644531e+01
2.485799789428710938e+01 2.258650398254394531e+01
2.833810997009277344e+01 9.130831718444824219e+00
-8.294958472251892090e-01 -6.448354244232177734e+00
-1.790113830566406250e+01 -4.363190233707427979e-01
-1.501817607879638672e+01 -3.988837957382202148e+00
-4.577702999114990234e+00 4.064474701881408691e-01
2.164885520935058594e+01 2.554027366638183594e+01
1.777792930603027344e+01 2.160447883605957031e+01
-3.950566530227661133e+00 -7.809001207351684570e-01
6.723721981048583984e+00 6.755003452301025391e+00
1.305550193786621094e+01 4.363574504852294922e+00
1.504207229614257812e+01 1.311131668090820312e+01
8.871543884277343750e+00 -2.166742706298828125e+01
1.554328536987304688e+01 1.252194499969482422e+01
1.753588294982910156e+01 2.668981552124023438e+01
8.617910385131835938e+00 1.349713611602783203e+01
-1.144445419311523438e+01 -5.619122505187988281e+00
2.800735092163085938e+01 1.246720123291015625e+01
-8.100593566894531250e+00 -1.276676177978515625e+00
1.635563850402832031e+01 -1.090789508819580078e+01
-6.741809844970703125e+00 -1.573347854614257812e+01
2.052742767333984375e+01 1.447260284423828125e+01
1.741568756103515625e+01 1.266125583648681641e+01
-4.776586055755615234e+00 -2.629089593887329102e+00
2.739070320129394531e+01 1.863573837280273438e+01
1.216659736633300781e+01 1.611800956726074219e+01
-2.328100776672363281e+01 -1.635779953002929688e+01
1.453256845474243164e+00 -1.993412399291992188e+01
3.219055891036987305e+00 -1.436389636993408203e+01
7.982764720916748047e+00 2.349750709533691406e+01
-2.396635532379150391e+00 5.220445156097412109e+00
-2.413554000854492188e+01 8.447969332337379456e-03
-1.594560503959655762e+00 -5.442451834678649902e-01
1.650027465820312500e+01 4.381194114685058594e+00
-7.798952102661132812e+00 2.934381008148193359e+00
2.224712371826171875e+01 1.469166564941406250e+01
2.477998352050781250e+01 1.960540199279785156e+01
1.504906654357910156e+01 2.263433837890625000e+01
2.084981346130371094e+01 2.151543807983398438e+01
1.566663360595703125e+01 -1.439381408691406250e+01
4.021892249584197998e-01 1.155523061752319336e+00
2.320351028442382812e+01 1.683607482910156250e+01
-7.368097901344299316e-01 -1.159271717071533203e+01
2.583691787719726562e+01 2.031061172485351562e+01
-6.466975688934326172e+00 -3.425120592117309570e+00
2.593553733825683594e+01 1.249619388580322266e+01
1.018518733978271484e+01 2.488835906982421875e+01
2.658399391174316406e+01 2.053299522399902344e+01
1.199370384216308594e+01 -1.360260200500488281e+01
1.343637657165527344e+01 4.315427303314208984e+00
3.385939121246337891e+00 -1.011290788650512695e+00
-1.311116409301757812e+01 -2.115378379821777344e+01
-1.814504051208496094e+01 -2.007551765441894531e+01
-2.606376075744628906e+01 -3.028195619583129883e+00
-2.524881362915039062e+01 -1.411936569213867188e+01
-9.565790176391601562e+00 8.667619228363037109e-01
-2.530510139465332031e+01 5.987255573272705078e-01
1.316957283020019531e+01 2.726834678649902344e+01
-8.997187614440917969e+00 1.007023429870605469e+01
-5.394066333770751953e+00 -7.900137424468994141e+00
2.790429687500000000e+01 8.403458595275878906e+00
-2.927643585205078125e+01 -1.547683429718017578e+01
8.882156372070312500e+00 6.074035644531250000e+00
1.817465591430664062e+01 1.644020462036132812e+01
2.609794044494628906e+01 1.361199665069580078e+01
1.391427135467529297e+01 1.041362476348876953e+01
4.936154365539550781e+00 6.173382759094238281e+00
-2.331935310363769531e+01 -1.272144126892089844e+01
4.018895626068115234e+00 8.854417800903320312e+00
1.623647689819335938e+01 9.612577557563781738e-01
3.066866493225097656e+01 1.586333656311035156e+01
2.156457138061523438e+01 7.418943405151367188e+00
1.036714935302734375e+01 1.151493740081787109e+01
1.238359832763671875e+01 8.948547363281250000e+00
5.079815864562988281e+00 6.255125045776367188e+00
-1.802517890930175781e+01 -1.479602217674255371e+00
1.891866111755371094e+01 7.320540904998779297e+00
1.616819953918457031e+01 -1.235518074035644531e+01
1.734720039367675781e+01 1.764941215515136719e+01
-2.032676696777343750e+01 -8.822761535644531250e+00
1.497119903564453125e+01 -1.523415946960449219e+01
-2.137990760803222656e+01 3.487022638320922852e+00
-1.883586502075195312e+01 1.647554755210876465e+00
-2.433954048156738281e+01 -8.858139991760253906e+00
8.207399368286132812e+00 -7.695946216583251953e+00
2.598211860656738281e+01 1.149610900878906250e+01
1.321402907371520996e+00 -3.163870096206665039e+00
2.773954200744628906e+01 1.027698421478271484e+01
1.678742980957031250e+01 1.995854377746582031e+01
2.905288696289062500e+01 1.059515190124511719e+01
3.570361328125000000e+01 1.020778083801269531e+01
3.570349884033203125e+01 1.020753479003906250e+01
1.023513031005859375e+01 2.070751190185546875e+01
2.860973358154296875e+01 2.771160125732421875e+00
1.626718711853027344e+01 7.934148788452148438e+00
-2.117395210266113281e+01 1.551770567893981934e+00
6.414112091064453125e+00 -1.514411830902099609e+01
1.659237289428710938e+01 1.888205146789550781e+01
-1.638425064086914062e+01 2.670262813568115234e+00
-2.541549682617187500e+00 8.301046371459960938e+00
1.097810935974121094e+01 -2.023948132991790771e-01
-1.947513771057128906e+01 6.945965290069580078e+00
1.555183506011962891e+01 6.492882251739501953e+00
1.438477230072021484e+01 4.050542354583740234e+00
2.281252098083496094e+01 9.934720039367675781e+00
-1.462330245971679688e+01 -8.074702262878417969e+00
-6.181627511978149414e-01 -3.418596029281616211e+00
-1.505526828765869141e+01 -5.577919483184814453e+00
1.353070640563964844e+01 -1.561747455596923828e+01
-1.686616516113281250e+01 -3.622375726699829102e+00
-2.399349594116210938e+01 -1.767798233032226562e+01
-4.702545166015625000e+00 3.760426282882690430e+00
-5.079280853271484375e+00 -1.120204544067382812e+01
1.209007835388183594e+01 6.954091072082519531e+00
8.204579353332519531e+00 -1.735305976867675781e+01
9.949688911437988281e+00 -1.464546108245849609e+01
-2.530472373962402344e+01 -8.905219078063964844e+00
-1.554224872589111328e+01 -7.266139984130859375e+00
1.485113239288330078e+01 1.560588073730468750e+01
1.024195194244384766e+01 -1.071212005615234375e+01
2.415294075012207031e+01 6.509658336639404297e+00
2.165184402465820312e+01 2.810778141021728516e+00
1.084703636169433594e+01 -1.061712741851806641e+01
2.127023887634277344e+01 6.227696895599365234e+00
-1.672384071350097656e+01 -1.116454601287841797e+01
9.462689399719238281e+00 1.664474487304687500e+01
1.242834854125976562e+01 1.392370796203613281e+01
-2.042195510864257812e+01 -2.001719474792480469e+00
-3.821654796600341797e+00 -2.023555755615234375e+01
6.655675411224365234e+00 -1.677486610412597656e+01
-1.674329948425292969e+01 -8.868009567260742188e+00
1.457619667053222656e+01 -1.354947853088378906e+01
-1.749743843078613281e+01 8.622578382492065430e-01
-1.593409633636474609e+01 -2.794046640396118164e+00
1.912643051147460938e+01 2.870678520202636719e+01
2.652618408203125000e+00 -1.251189613342285156e+01
-1.293679523468017578e+01 5.257560729980468750e+00
-2.457376289367675781e+01 -1.849679374694824219e+01
-2.213806724548339844e+01 -4.969236373901367188e+00
1.995301055908203125e+01 4.488992691040039062e-01
-1.970501899719238281e+01 -1.003480911254882812e+01
1.549127960205078125e+01 2.469639778137207031e+01
-2.795849800109863281e+01 -9.573861122131347656e+00
-1.704610824584960938e+01 -2.618255853652954102e+00
-2.364493751525878906e+01 4.857803821563720703e+00
1.712699890136718750e+01 2.127044296264648438e+01
3.738810300827026367e+00 1.521778011322021484e+01
4.218141078948974609e+00 1.267709541320800781e+01
2.422832679748535156e+01 6.902080535888671875e+00
3.063991355895996094e+01 1.422670364379882812e+01
-1.376628589630126953e+01 1.780896663665771484e+00
-2.529616165161132812e+01 -4.222587585449218750e+00
1.630745506286621094e+01 7.018080711364746094e+00
-9.737243652343750000e+00 -1.761845779418945312e+01
-1.764085388183593750e+01 -1.206314468383789062e+01
-1.822728919982910156e+01 -4.688381195068359375e+00
2.972017669677734375e+01 1.876816940307617188e+01
1.138063621520996094e+01 2.183934783935546875e+01
1.627623176574707031e+01 2.477107620239257812e+01
7.483518123626708984e+00 -3.052153587341308594e+00
-1.908724975585937500e+01 -6.804322004318237305e-01
2.410655021667480469e+01 2.185980033874511719e+01
-1.962075424194335938e+01 3.851249814033508301e-01
-1.817845940589904785e+00 -3.629529237747192383e+00
-7.064584255218505859e+00 7.995503544807434082e-01
-2.353336906433105469e+01 -6.784047603607177734e+00
-1.979411315917968750e+01 1.203269839286804199e+00
-2.100074005126953125e+01 5.989769458770751953e+00
1.744768524169921875e+01 1.040182209014892578e+01
1.360409641265869141e+01 -1.172386837005615234e+01
3.455735683441162109e+00 -1.197177696228027344e+01
-2.045359420776367188e+01 -3.799787759780883789e+00
-2.263303947448730469e+01 -6.073538780212402344e+00
2.854408264160156250e+01 5.934004783630371094e+00
-2.413315010070800781e+01 -1.358686923980712891e+01
-1.996571731567382812e+01 -1.957687884569168091e-01
1.316980743408203125e+01 -1.897434234619140625e+01
-2.291910552978515625e+01 -1.694683074951171875e+01
-1.895008087158203125e+01 -1.357452201843261719e+01
-2.795990943908691406e+00 -1.152897644042968750e+01
1.025509262084960938e+01 -1.538868427276611328e+01
-1.114104747772216797e+01 -1.788400672376155853e-02
-1.333861255645751953e+01 -3.484682798385620117e+00
-1.605534744262695312e+01 -3.467034578323364258e+00
-2.059998893737792969e+01 -1.244359493255615234e+01
-2.616274261474609375e+01 -6.786450862884521484e+00
-3.673765420913696289e+00 8.897989273071289062e+00
-1.444002151489257812e+01 4.705471992492675781e+00
1.634548759460449219e+01 2.665603637695312500e+01
2.348210525512695312e+01 1.305985069274902344e+01
1.554469966888427734e+01 7.998814582824707031e+00
-1.292313098907470703e+01 -1.779186964035034180e+00
2.686345100402832031e+01 7.213531970977783203e+00
-1.951949119567871094e+01 6.914666652679443359e+00
8.430462837219238281e+00 -5.068855285644531250e+00
-1.790605163574218750e+01 -8.653205871582031250e+00
-1.369458961486816406e+01 -4.363742828369140625e+00
-2.494784736633300781e+01 4.936200618743896484e+00
4.033423423767089844e+00 3.154580831527709961e+00
8.092686653137207031e+00 -1.633750724792480469e+01
1.610391736030578613e+00 -1.199234294891357422e+01
1.252099800109863281e+01 -1.492572402954101562e+01
-2.182687187194824219e+01 -9.896067619323730469e+00
-2.836019897460937500e+01 1.592515826225280762e+00
1.874659538269042969e+01 1.202588653564453125e+01
-2.105450439453125000e+01 -6.887141704559326172e+00
2.508271408081054688e+01 1.033088111877441406e+01
1.024546527862548828e+01 2.556062507629394531e+01
-2.005516815185546875e+01 -1.435276031494140625e+01
2.940491104125976562e+01 2.043249511718750000e+01
-5.708660125732421875e+00 3.191980123519897461e+00
-1.610303497314453125e+01 9.232453703880310059e-01
-1.529219722747802734e+01 -6.245669722557067871e-01
-1.469100666046142578e+01 -1.892641639709472656e+01
-1.356201839447021484e+01 -2.317129898071289062e+01
1.114206314086914062e+01 2.691798210144042969e+00
1.809590911865234375e+01 2.855088043212890625e+01
-2.591797065734863281e+01 1.936467289924621582e+00
-1.956209754943847656e+01 -7.067197322845458984e+00
5.079435825347900391e+00 -1.919880676269531250e+01
2.343029594421386719e+01 2.462204933166503906e+01
2.204701995849609375e+01 6.654646396636962891e+00
4.722211360931396484e+00 3.292438030242919922e+00
2.447476387023925781e+01 2.075645256042480469e+01
4.983609676361083984e+00 -1.670642471313476562e+01
-1.189395904541015625e+01 8.958643913269042969e+00
7.583632469177246094e+00 -1.560986042022705078e+01
3.648599863052368164e+00 1.923265266418457031e+01
9.985143661499023438e+00 -1.815834045410156250e+01
-1.898179054260253906e+01 2.784602165222167969e+00
-1.802335929870605469e+01 -2.675021171569824219e+00
5.671692371368408203e+00 1.568888187408447266e+01
1.773290061950683594e+01 9.839197158813476562e+00
1.721435737609863281e+01 2.823631668090820312e+01
1.698089599609375000e+00 -3.851969003677368164e+00
1.986684036254882812e+01 7.995120048522949219e+00
-7.901982784271240234e+00 -7.881493091583251953e+00
-8.131332397460937500e+00 -1.370224285125732422e+01
1.862562942504882812e+01 1.274831104278564453e+01
-2.496805000305175781e+01 -1.074331092834472656e+01
-1.045995712280273438e+01 -1.732538986206054688e+01
-1.167303752899169922e+01 -1.409811019897460938e+01
-7.856936454772949219e-01 -1.383828639984130859e+01
1.869909667968750000e+01 2.737043380737304688e+01
-1.552440071105957031e+01 -9.244400978088378906e+00
1.132886028289794922e+01 1.700628852844238281e+01
1.140721416473388672e+01 1.517447948455810547e+01
1.069561481475830078e+01 -1.035223102569580078e+01
-8.994310379028320312e+00 -1.815328598022460938e+01
5.043177604675292969e+00 -1.317412281036376953e+01
9.066897392272949219e+00 -1.936052513122558594e+01
4.868868350982666016e+00 -1.080186176300048828e+01
2.252010536193847656e+01 1.075824642181396484e+01
4.645749568939208984e+00 -8.958050608634948730e-01
2.219137001037597656e+01 1.277122402191162109e+01
2.019935607910156250e+01 1.003441524505615234e+01
-3.547773957252502441e-01 -1.354146289825439453e+01
5.770959854125976562e+00 -4.230169773101806641e+00
2.109964561462402344e+01 1.424027085304260254e+00
2.281609535217285156e+00 -9.450283050537109375e+00
2.461500167846679688e+01 1.878939247131347656e+01
-1.908909225463867188e+01 -1.621014976501464844e+01
6.188859939575195312e+00 1.473062133789062500e+01
-1.993029212951660156e+01 -1.240937805175781250e+01
-1.680125617980957031e+01 -7.128981351852416992e-01
2.252690792083740234e+00 -7.143104076385498047e+00
1.598972415924072266e+01 -3.185550212860107422e+00
1.178962326049804688e+01 -1.682137870788574219e+01
-9.460879862308502197e-02 -7.983576297760009766e+00
2.388191223144531250e+01 1.149536991119384766e+01
1.418725681304931641e+01 7.808094978332519531e+00
7.728203773498535156e+00 2.575053691864013672e+00
6.028908729553222656e+00 1.746487045288085938e+01
-3.060064077377319336e+00 1.377992749214172363e+00
2.255101585388183594e+01 9.122450828552246094e+00
6.702742576599121094e+00 -1.605710792541503906e+01
-1.575503921508789062e+01 -1.370289516448974609e+01
2.989475965499877930e+00 -1.147045135498046875e+01
8.156802177429199219e+00 -1.704594230651855469e+01
-1.760091018676757812e+01 1.633151054382324219e+00
-1.905941200256347656e+01 -1.207205390930175781e+01
-2.281573486328125000e+01 -9.439281463623046875e+00
-6.840264320373535156e+00 1.002808809280395508e+00
-1.929815864562988281e+01 -3.303844928741455078e+00
-1.378171825408935547e+01 -1.080349540710449219e+01
-8.224163055419921875e+00 1.991785764694213867e-01
-1.015415477752685547e+01 -1.021971511840820312e+01
5.385106086730957031e+00 1.477803230285644531e+01
3.248127222061157227e+00 -6.050412654876708984e+00
-2.158805656433105469e+01 -1.373638248443603516e+01
-1.819258880615234375e+01 -6.788438796997070312e+00
-2.307726478576660156e+01 5.326128482818603516e+00
-1.913670539855957031e+01 -9.768164634704589844e+00
3.243654632568359375e+01 5.851279735565185547e+00
2.020845222473144531e+01 9.326141357421875000e+00
-2.680151939392089844e+01 2.141564637422561646e-01
-8.687931060791015625e+00 -1.556189441680908203e+01
-3.468436241149902344e+00 -8.013873100280761719e+00
3.656344711780548096e-01 -1.566900730133056641e+01
-2.408594703674316406e+01 -1.132508397102355957e+00
-2.044807624816894531e+01 -3.619013786315917969e+00
-1.783281135559082031e+01 3.373910903930664062e+00
-3.677806854248046875e+00 6.374861240386962891e+00
-2.886431121826171875e+01 -2.505413293838500977e+00
-2.227811050415039062e+01 -2.193265676498413086e+00
-2.303525543212890625e+01 -6.007041454315185547e+00
-2.751997470855712891e+00 -2.052116394042968750e+01
-2.129940032958984375e+01 -9.603347778320312500e-01
3.948065042495727539e-01 -1.588642692565917969e+01
-4.500014781951904297e+00 -1.943410491943359375e+01
8.934183120727539062e+00 -3.950770378112792969e+00
-2.459733772277832031e+01 -5.344552993774414062e+00
-1.304477500915527344e+01 -4.028688669204711914e-01
-2.118096733093261719e+01 -2.782666921615600586e+00
1.861945533752441406e+01 2.801056385040283203e+00
-2.222779464721679688e+01 -1.689576148986816406e+01
-2.312765693664550781e+01 -1.357053852081298828e+01
2.580069160461425781e+01 5.188673019409179688e+00
1.970783424377441406e+01 6.855952739715576172e+00
2.853991746902465820e+00 -3.437157154083251953e+00
-7.017220497131347656e+00 7.858027458190917969e+00
2.032894897460937500e+01 -6.046508789062500000e+00
-2.258662796020507812e+01 -9.476450920104980469e+00
3.075754737854003906e+01 5.863245010375976562e+00
-1.322827911376953125e+01 -1.394352245330810547e+01
2.693757438659667969e+01 1.496349430084228516e+01
-2.162763476371765137e-01 8.932419419288635254e-01
-1.826450920104980469e+01 -1.043269348144531250e+01
-1.940074539184570312e+01 4.028487205505371094e+00
-8.550633430480957031e+00 -1.795010757446289062e+01
3.178936004638671875e+01 1.079079246520996094e+01
-6.307960510253906250e+00 -6.277647018432617188e+00
-7.729826927185058594e+00 -1.197051048278808594e+01
-4.527696669101715088e-01 -8.997811317443847656e+00
2.964212417602539062e+00 -9.593961715698242188e+00
-2.282125091552734375e+01 -1.085076522827148438e+01
2.515946865081787109e+00 1.325041389465332031e+01
-1.411956024169921875e+01 -1.885002970695495605e+00
-2.810070991516113281e+00 7.333043217658996582e-01
-2.792485237121582031e+01 -8.004526138305664062e+00
2.798757743835449219e+01 8.544003486633300781e+00
-2.467423820495605469e+01 -1.863379859924316406e+01
-6.178924560546875000e+00 -9.777587890625000000e+00
1.517144012451171875e+01 2.849305152893066406e+00
1.333335208892822266e+01 2.661786556243896484e+00
-1.201655673980712891e+01 4.812344908714294434e-01
-1.446594619750976562e+01 6.553157806396484375e+00
1.705010223388671875e+01 -5.006727695465087891e+00
1.257785606384277344e+01 2.679106330871582031e+01
-2.144366073608398438e+01 -7.310252666473388672e+00
-3.042284393310546875e+01 -1.228903484344482422e+01
-3.042692565917968750e+01 -1.229043102264404297e+01
-1.295485687255859375e+01 3.024878740310668945e+00
1.998788833618164062e+01 4.293584346771240234e+00
2.083947181701660156e+01 6.636774063110351562e+00
1.887903022766113281e+01 1.038547325134277344e+01
6.577167510986328125e+00 -1.814138793945312500e+01
1.503753757476806641e+01 8.002577781677246094e+00
-2.162819290161132812e+01 -1.499444580078125000e+01
9.435606956481933594e+00 9.513316154479980469e+00
8.870065689086914062e+00 -2.165611076354980469e+01
1.178309249877929688e+01 1.057808971405029297e+01
-1.891130447387695312e+01 -8.353709220886230469e+00
1.187407016754150391e+01 -3.895228385925292969e+00
2.947834014892578125e+01 1.898222732543945312e+01
-2.516566848754882812e+01 5.754350185394287109e+00
1.055446815490722656e+01 1.878405761718750000e+01
-6.629605293273925781e+00 2.511713266372680664e+00
1.872970771789550781e+01 1.697471809387207031e+01
1.616819000244140625e+01 -1.186684226989746094e+01
2.243447685241699219e+01 -1.407344102859497070e+00
-2.102619552612304688e+01 -1.756485557556152344e+01
-2.210523033142089844e+01 -1.558331203460693359e+01
1.734910583496093750e+01 -3.937531471252441406e+00
3.210732650756835938e+01 1.415371131896972656e+01
1.127728652954101562e+01 -1.649241828918457031e+01
-1.617204666137695312e+01 1.031178092956542969e+01
1.781357955932617188e+01 6.148179054260253906e+00
-9.164040565490722656e+00 -1.091366648674011230e+00
-3.159307289123535156e+01 -8.328467369079589844e+00
2.332553672790527344e+01 6.114791393280029297e+00
1.910092926025390625e+01 1.600256347656250000e+01
2.749766921997070312e+01 1.849523735046386719e+01
1.049120616912841797e+01 1.397238540649414062e+01
6.507137775421142578e+00 -1.229799365997314453e+01
2.078012847900390625e+01 -9.503983259201049805e-01
2.108008384704589844e+01 9.181308746337890625e+00
1.642140579223632812e+01 1.582671928405761719e+01
4.497994422912597656e+00 -2.201529502868652344e+01
2.538836669921875000e+01 1.238832855224609375e+01
1.376233005523681641e+01 -1.369475460052490234e+01
1.332479858398437500e+01 1.310748863220214844e+01
2.825649070739746094e+01 1.603952026367187500e+01
3.221960449218750000e+01 1.398153591156005859e+01
1.283780860900878906e+01 -1.098555755615234375e+01
-1.321656799316406250e+01 -2.159061813354492188e+01
2.766140460968017578e+00 2.616955280303955078e+00
-2.656678962707519531e+01 -3.416994094848632812e+00
-2.522226524353027344e+01 -1.410515689849853516e+01
1.228323554992675781e+01 1.177787399291992188e+01
1.384956455230712891e+01 2.478313255310058594e+01
-8.976402282714843750e+00 9.968235015869140625e+00
